2626
9723
10746
17993
18109
18166
19752
22821
25119
26611
34852
36950
39051
39301
40175
41410
42011
42285
42488
42563
42594
42596
42598
42599
42600
42602
42604
42685
42692
42719
42720
42721
42722
42803
42804
42806
42808
42916
42919
42949
42953
42986
42996
43004
43007
43018
43022
43539
44935
45101
46365
46568
46569
48417
48505
48531
48559
49112
49197
49334
49539
49552
49927
50367
50379
50575
50941
51094
51108
51262
51613
51614
51617
51648
51843
52400
52880
52884
53368
53511
53535
53568
53584
53725
53726
53919
53920
53921
54110
54111
54112
54135
54295
54428
54429
54644
55037
55330
55552
55553
55801
56119
56878
56889
57151
57180
57181
57485
57486
57535
57960
59156
59192
59366
59509
59519
59521
59705
59778
60013
60294
60517
60559
60566
60768
61796
62349
62383
62857
62878
62879
63232
63681
64203
64204
64231
64252
64655
64683
64687
64691
64700
64763
65067
65068
65069
65378
65387
65627
65629
65665
65918
65952
66049
66057
66063
66069
66319
66760
66765
66787
67014
67028
67030
67197
67223
67226
67227
67426
67679
67698
67700
67916
67917
67918
67919
67958
68134
68149
68502
68506
69121
69138
69322
69348
70218
70703
70705
71073
71100
71429
71435
71612
72111
72112
72136
72941
73895
74739
